8543
9234
7892
6543
5678
7234
8901
9567
8234
7890
6789
7543
8912
9876
8543
7234
6890
5432
7890
8567
9234
8901
7654
6789
8234
9567
8012
7345
6678
8901
9234
8567
7890
6543
8234
7890
9567
8234
7654
6789
8901
9234
8567
7890
6543
8234
9567
8012
7345
6789
8901
9234
8567
7890
6543
8234
9567
8012
7345
6789
8901
9234
8567
7890
6543
8234
9567
8012
7345
6789
8901
9234
8567
7890
6543
8234
9567
8012
7345
6789
8901
9234
8567
7890
6543
8234
9567
8012
7345
6789
8901
9234
8567
7890
6543
8234
9567
8012
7345
6789
8901
9234
8567
7890
6543
8234
9567
8012
7345
6789
8901
9234
8567
7890
6543
8234
9567
8012
7345
6789
8901
9234
8567
7890
6543
8234
9567
8012
7345
6789
8901
9234
8567
7890
6543
8234
9567
8012
7345
6789
8901
9234
8567
7890
6543
8234
9567
8012
7345
6789
8901
9234
8567
7890
6543
8234
9567
8012
7345
6789
8901
9234
8567
7890
6543
8234
9567
8012
7345
6789
8901
9234
8567
7890
6543
8234
9567
8012
7345
6789
8901
9234
8567
7890
6543
8234
9567
8012
7345
6789
8901
9234
8567
7890
6543
8234
9567
8012
7345
6789
8901
9234
8567
7890
6543
8234
9567
8012
7345
6789
8901
9234
8567
7890
6543
8234
9567
8012
7345
6789
8901
9234
8567
7890
6543
8234
9567
8012
7345
6789
8901
9234
8567
7890
6543
8234
9567
8012
7345
6789
8901
9234
8567
7890
6543
8234
9567
8012
7345
6789
8901
9234
8567
7890
6543
8234
9567
8012
7345
6789
8901
9234
8567
7890
6543
8234
9567
8012
7345
6789
8901
9234
8567
7890
6543
8234
9567
8012
7345
6789
8901
9234
8567
7890
6543
8234
9567
8012
7345
6789
8901
9234
8567
7890
6543
8234
9567
8012
7345
6789
8901
9234
8567
7890
6543
8234
9567
8012
7345
6789
8901
9234
8567
7890
6543
8234
9567
8012
7345
6789
8901
9234
8567
7890
6543
8234
9567
8012
7345
6789
8901
9234
8567
7890
6543
8234
9567
8012
7345
6789
8901
9234
8567
7890
6543
8234
9567
8012
7345
6789
8901
9234
8567
7890
6543
8234
9567
8012
7345
6789
8901
9234
8567
7890
6543
8234
9567
8012
7345
6789
8901
9234
8567
7890
6543
8234
9567
8012
7345
6789
8901
9234
8567
7890
6543
8234
9567
8012
7345
6789
8901
9234
8567
7890
6543
8234
9567
8012
7345
6789
8901
9234
8567
7890
6543
8234
9567
8012
7345
6789
8901
9234
8567
7890
6543
8234
9567
8012
7345
6789
8901
9234
8567
7890
6543
8234
9567
8012
7345
6789
8901
9234
8567
7890
6543
8234
9567
8012
7345
6789
8901
9234
8567
7890
6543
8234
9567
8012
7345
6789
8901
9234
8567
7890
6543
8234
9567
8012
7345
6789
8901